0.0 1.0
0.05 0.9992560190750792
0.1 0.9970391228644158
0.15000000000000002 0.99339313573559
0.2 0.9883870106888886
0.25 0.9821096036865374
0.3 0.9746637882699728
0.35 0.966160707121729
0.39999999999999997 0.9567146936519874
0.44999999999999996 0.9464391233915632
0.49999999999999994 0.9354432460101084
0.5499999999999999 0.9238299216853137
0.6 0.9116941267725026
0.65 0.899122080527503
0.7000000000000001 0.886190856634218
0.7500000000000001 0.872968366112111
0.8000000000000002 0.8595136230611415
0.8500000000000002 0.8458772269216184
0.9000000000000002 0.8321020122170474
0.9500000000000003 0.8182238281534329
1.0000000000000002 0.8042724158612578
1.0500000000000003 0.7902723523476299
1.1000000000000003 0.7762440318120373
1.1500000000000004 0.7622046565544214
1.2000000000000004 0.7481691963114774
1.2500000000000004 0.7341512309749616
1.3000000000000005 0.7201635386311467
1.3500000000000005 0.7062182944411648
1.4000000000000006 0.6923268608883296
1.4500000000000006 0.6784993521441319
1.5000000000000007 0.6647443385459093
1.5500000000000007 0.6510691042123258
1.6000000000000008 0.6374807346378883
1.6500000000000008 0.6239880419664181
1.7000000000000008 0.6106040451442817
1.7500000000000009 0.5973485199397839
1.800000000000001 0.5842500800633857
1.850000000000001 0.5713473431495908
1.900000000000001 0.5586889259307302
1.950000000000001 0.5463322361722603
2.000000000000001 0.5343412272758263
2.0500000000000007 0.5227834178121774
2.1000000000000005 0.5117265396655228
2.1500000000000004 0.5012351743385421
2.2 0.4913676868095136
2.25 0.482173685238656
2.3 0.4736921360010988
2.3499999999999996 0.4659501707981614
2.3999999999999995 0.458962562279168
2.4499999999999993 0.4527318181273196
2.499999999999999 0.447248821237673
2.549999999999999 0.4424938985653576
2.5999999999999988 0.4384381467516734
2.6499999999999986 0.4350448267521336
2.6999999999999984 0.4322706981284572
2.7499999999999982 0.4300672779126082
2.799999999999998 0.4283821142554328
2.849999999999998 0.4271601938037282
2.8999999999999977 0.4263455289022559
2.9499999999999975 0.4258828354945504
2.9999999999999973 0.4257190952746256
3.049999999999997 0.4258047604115028
3.099999999999997 0.4260944191194777
3.149999999999997 0.4265468716402784
3.1999999999999966 0.4271247312360796
3.2499999999999964 0.4277938112224752
3.2999999999999963 0.4285226238415939
3.349999999999996 0.4292822630819473
3.399999999999996 0.4300467971360296
3.4499999999999957 0.4307941294216758
3.4999999999999956 0.4315071639244941
3.5499999999999954 0.4321750513858202
3.599999999999995 0.4327942865751592
3.649999999999995 0.4333694593019115
3.699999999999995 0.4339135224942576
3.7499999999999947 0.4344475122156424
3.7999999999999945 0.4349997114956606
3.8499999999999943 0.4356042780695657
3.899999999999994 0.4362993694307357
3.949999999999994 0.4371248294741818
3.999999999999994 0.4381195708326618
4.049999999999994 0.439318882494367
4.099999999999993 0.4407519670488329
4.149999999999993 0.442440013815247
4.199999999999993 0.4443950227985148
4.249999999999993 0.4466194390960574
4.299999999999993 0.4491064984900624
4.3499999999999925 0.4518410794382616
4.399999999999992 0.4548008347225607
4.449999999999992 0.4579574352463545
4.499999999999992 0.4612778640757033
4.549999999999992 0.4647257938190822
4.599999999999992 0.4682631142351613
4.6499999999999915 0.4718516364468611
4.699999999999991 0.4754549152655851
4.749999999999991 0.4790400471442045
4.799999999999991 0.4825792471117365
4.849999999999991 0.486050990223355
4.899999999999991 0.4894405238594171
4.94999999999999 0.4927396263252655
4.99999999999999 0.4959456069966959
5.04999999999999 0.4990596903223455
5.09999999999999 0.5020850517396609
5.14999999999999 0.5050248291494099
5.1999999999999895 0.5078804013414686
5.249999999999989 0.5106501317207364
5.299999999999989 0.5133286766448208
5.349999999999989 0.5159068943744854
5.399999999999989 0.5183723609258338
5.449999999999989 0.5207104705544383
5.4999999999999885 0.5229060442206402
5.549999999999988 0.524945284760846
5.599999999999988 0.5268178231033248
5.649999999999988 0.5285185368020044
5.699999999999988 0.5300488322063697
5.749999999999988 0.5314171808441667
5.799999999999987 0.5326388673245738
5.849999999999987 0.5337350809956115
5.899999999999987 0.5347315935003166
5.949999999999987 0.5356572694461562
5.999999999999987 0.5365425822780286
6.0499999999999865 0.5374182136693146
6.099999999999986 0.538313744581254
6.149999999999986 0.5392564053280374
6.199999999999986 0.5402698382822255
6.249999999999986 0.5413728550547007
6.299999999999986 0.5425782547106031
6.349999999999985 0.5438918878313799
6.399999999999985 0.5453122341024033
6.449999999999985 0.5468307383386697
6.499999999999985 0.5484330097099163
6.549999999999985 0.5501007926388423
6.5999999999999845 0.5518144518729865
6.649999999999984 0.5535556313535933
6.699999999999984 0.5553097474456498
6.749999999999984 0.5570680342415667
6.799999999999984 0.558828944352294
6.849999999999984 0.560598801684533
6.8999999999999835 0.5623916877149348
6.949999999999983 0.5642286171057491
6.999999999999983 0.566136136585799
7.049999999999983 0.568144573069426
7.099999999999983 0.5702862417962008
7.149999999999983 0.5725939545148175
7.199999999999982 0.5751001029465673
7.249999999999982 0.5778364398132895
7.299999999999982 0.5808344900897754
7.349999999999982 0.5841263660817022
7.399999999999982 0.5877456753103258
7.4499999999999815 0.5917282032743736
7.499999999999981 0.5961121051664672
7.549999999999981 0.6009374401639045
7.599999999999981 0.6062450244817039
7.649999999999981 0.6120747385708374
7.699999999999981 0.618463541700907
7.7499999999999805 0.6254434662094795
7.79999999999998 0.6330397761210441
7.84999999999998 0.6412693359153815
7.89999999999998 0.6501391266420573
7.94999999999998 0.6596448260233703
7.99999999999998 0.6697694481722336
8.04999999999998 0.6804821795184423
8.09999999999998 0.6917376735553351
8.14999999999998 0.7034760995150292
8.199999999999982 0.7156241487458759
8.249999999999982 0.7280970272051083
8.299999999999983 0.7408012877815648
8.349999999999984 0.7536382533648465
8.399999999999984 0.7665077586826203
8.449999999999985 0.7793119458913814
8.499999999999986 0.7919588340549535
8.549999999999986 0.8043653439800136
8.599999999999987 0.816459443876721
8.649999999999988 0.8281811413074527
8.699999999999989 0.8394821983850067
8.74999999999999 0.8503246525364575
8.79999999999999 0.8606784231155431
8.84999999999999 0.8705184342872424
8.899999999999991 0.8798217738234795
8.949999999999992 0.8885654160348435
8.999999999999993 0.8967249297371782
9.049999999999994 0.9042743602398766
9.099999999999994 0.9111871759407922
9.149999999999995 0.9174379067665656
9.199999999999996 0.9230039618527593
9.249999999999996 0.9278671355841346
9.299999999999997 0.932014477434953
9.349999999999998 0.9354384480085997
9.399999999999999 0.938136514380318
9.45 0.9401104550025658
9.5 0.9413656015915586
9.55 0.9419100857686056
9.600000000000001 0.9417540007289568
9.650000000000002 0.940908343887412
9.700000000000003 0.9393836935425776
9.750000000000004 0.9371887071246374
9.800000000000004 0.934328606920038
9.850000000000005 0.9308038097374194
9.900000000000006 0.9266088155861208
9.950000000000006 0.9217314644438884
10.000000000000007 0.9161527085537589
10.050000000000008 0.9098470815474798
10.100000000000009 0.9027840255669732
10.15000000000001 0.8949301505335558
10.20000000000001 0.8862523639049411
10.25000000000001 0.8767216569680549
10.300000000000011 0.866317198277254
10.350000000000012 0.8550302897076834
10.400000000000013 0.8428676986099277
10.450000000000014 0.8298539011159725
10.500000000000014 0.8160318728610833
10.550000000000015 0.801462257539534
10.600000000000016 0.7862210164848401
10.650000000000016 0.7703959524773676
10.700000000000017 0.754082712178023
10.750000000000018 0.7373809130641366
10.800000000000018 0.7203908852690781
10.85000000000002 0.7032112372398455
10.90000000000002 0.6859371802346509
10.95000000000002 0.6686593920767201
11.000000000000021 0.6514631905449529
11.050000000000022 0.6344278633604871
11.100000000000023 0.6176260872745133
11.150000000000023 0.6011234273468798
11.200000000000024 0.584977943876881
11.250000000000025 0.569239955388118
11.300000000000026 0.5539520048530695
11.350000000000026 0.5391490510639341
11.400000000000027 0.5248588685191687
11.450000000000028 0.5111026000021184
11.500000000000028 0.4978953750314897
11.55000000000003 0.4852468946930363
11.60000000000003 0.4731618957276238
11.65000000000003 0.4616404397970951
11.700000000000031 0.4506780164131892
11.750000000000032 0.4402654959589374
11.800000000000033 0.4303890252059972
11.850000000000033 0.421030018189739
11.900000000000034 0.4121654431315494
11.950000000000035 0.4037686162481505
12.000000000000036 0.3958106577955978
12.050000000000036 0.3882626249127034
12.100000000000037 0.3810981263128344
12.150000000000038 0.3742960204470445
12.200000000000038 0.3678427032992928
12.250000000000039 0.3617335607518546
12.30000000000004 0.3559733602863599
12.35000000000004 0.3505755936659865
12.400000000000041 0.3455609691679553
12.450000000000042 0.3409553523819452
12.500000000000043 0.3367874774151419
12.550000000000043 0.3330867189082956
12.600000000000044 0.3298811480643493
12.650000000000045 0.3271960082385654
12.700000000000045 0.325052657070165
12.750000000000046 0.323467953036181
12.800000000000047 0.3224540246958721
12.850000000000048 0.3220183442247746
12.900000000000048 0.3221640190145366
12.950000000000049 0.3228902090914246
13.00000000000005 0.3241925783769361
13.05000000000005 0.3260637011659007
13.100000000000051 0.3284933713879578
13.150000000000052 0.3314687969185058
13.200000000000053 0.3349747024486009
13.250000000000053 0.3389934037776638
13.300000000000054 0.3435049299407688
13.350000000000055 0.3484872354133882
13.400000000000055 0.3539164694896534
13.450000000000056 0.359767193509084
13.500000000000057 0.3660124078500762
13.550000000000058 0.3726232961507034
13.600000000000058 0.37956870097471
13.650000000000059 0.3868144708361706
13.70000000000006 0.3943229168849728
13.75000000000006 0.4020526534927073
13.800000000000061 0.409959054016013
13.850000000000062 0.4179954389202602
13.900000000000063 0.4261149586409324
13.950000000000063 0.4342729773878651
14.000000000000064 0.4424296475020564
14.050000000000065 0.450552319443689
14.100000000000065 0.4586174674032917
14.150000000000066 0.4666119007826537
14.200000000000067 0.4745331447081084
14.250000000000068 0.4823889854406336
14.300000000000068 0.4901962684168573
14.350000000000069 0.4979790848686965
14.40000000000007 0.5057664857499287
14.45000000000007 0.5135898520832587
14.500000000000071 0.5214800699570419
14.550000000000072 0.52946471190783
14.600000000000072 0.5375654750908617
14.650000000000073 0.5457961171478922
14.700000000000074 0.554161036693851
14.750000000000075 0.5626544936671464
14.800000000000075 0.5712603279570649
14.850000000000076 0.5799519891861591
14.900000000000077 0.5886927631046085
14.950000000000077 0.5974362236661965
15.000000000000078 0.6061270662999315
15.050000000000079 0.6147025165401121
15.10000000000008 0.6230944392396369
15.15000000000008 0.6312321183076286
15.200000000000081 0.6390454818206226
15.250000000000082 0.6464683800412381
15.300000000000082 0.6534414558553064
15.350000000000083 0.6599142108308415
15.400000000000084 0.6658460351441051
15.450000000000085 0.6712061733221255
15.500000000000085 0.6759727923160247
15.550000000000086 0.6801314817977256
15.600000000000087 0.6836736230275238
15.650000000000087 0.6865950696106513
15.700000000000088 0.6888954664468521
15.750000000000089 0.6905783304572328
15.80000000000009 0.691651817382727
15.85000000000009 0.6921299782006138
15.900000000000091 0.6920342742472008
15.950000000000092 0.6913951176897248
16.000000000000092 0.6902531799727715
16.050000000000093 0.68866016912349
16.100000000000094 0.6866787783192834
16.150000000000095 0.6843816117138151
16.200000000000095 0.681849096025346
16.250000000000096 0.6791666143531682
16.300000000000097 0.6764212576300895
16.350000000000097 0.6736986237308853
16.400000000000098 0.6710800035476296
16.4500000000001 0.6686401190134478
16.5000000000001 0.6664453909009472
16.5500000000001 0.6645525927651302
16.6000000000001 0.6630077362464848
16.6500000000001 0.6618451170017646
16.700000000000102 0.6610865749038461
16.750000000000103 0.6607411322147607
16.800000000000104 0.6608052349880349
16.850000000000104 0.6612638143740014
16.900000000000105 0.6620922896372842
16.950000000000106 0.6632594541646835
17.000000000000107 0.6647309586159432
17.050000000000107 0.6664729149146216
17.100000000000108 0.6684550835795988
17.15000000000011 0.6706532154476458
17.20000000000011 0.6730503466741301
17.25000000000011 0.6756370811299047
17.30000000000011 0.6784110441911044
17.35000000000011 0.681375737764879
17.400000000000112 0.6845390150666298
17.450000000000113 0.6879113846395772
17.500000000000114 0.6915043749136732
17.550000000000114 0.6953292245684214
17.600000000000115 0.6993961557386263
17.650000000000116 0.7037143841827119
17.700000000000117 0.7082928163804547
17.750000000000117 0.7131411396756452
17.800000000000118 0.7182708353276485
17.85000000000012 0.7236956270780353
17.90000000000012 0.729431035539737
17.95000000000012 0.7354929727530012
18.00000000000012 0.7418955715316419
18.05000000000012 0.7486486102897678
18.100000000000122 0.7557549318256849
18.150000000000123 0.7632081853182838
18.200000000000124 0.7709910888620627
18.250000000000124 0.779074254948668
18.300000000000125 0.7874154819586837
18.350000000000126 0.7959593437889968
18.400000000000126 0.8046369606746276
18.450000000000127 0.8133660034758594
18.500000000000128 0.8220511810931312
18.55000000000013 0.8305855586569506
18.60000000000013 0.8388529804928629
18.65000000000013 0.8467316532170029
18.70000000000013 0.854098678148246
18.75000000000013 0.860835111109876
18.800000000000132 0.8668310305824828
18.850000000000133 0.871990119256083
18.900000000000134 0.8762333719524035
18.950000000000134 0.8795016721323445
19.000000000000135 0.8817570783130719
19.050000000000136 0.8829827306931113
19.100000000000136 0.8831813706429943
19.150000000000137 0.8823725989707555
19.200000000000138 0.8805891787200165
19.25000000000014 0.8778728604876073
19.30000000000014 0.8742702952028094
19.35000000000014 0.8698295518484146
19.40000000000014 0.8645975922839275
19.45000000000014 0.8586188366780391
19.500000000000142 0.8519347414040558
19.550000000000143 0.8445841420212065
19.600000000000144 0.8366040135189978
19.650000000000144 0.8280302912305852
19.700000000000145 0.8188984836121478
19.750000000000146 0.8092439625593622
19.800000000000146 0.7991019776976376
19.850000000000147 0.7885075436546367
19.900000000000148 0.7774953548070158
19.95000000000015 0.7660997961151759
20.00000000000015 0.7543549891207524
20.05000000000015 0.7422947102798823
20.10000000000015 0.7299520119229015
20.15000000000015 0.7173584833937678
20.200000000000152 0.7045432624646023
20.250000000000153 0.6915320462220712
20.300000000000153 0.6783463777164334
20.350000000000154 0.6650033973109375
20.400000000000155 0.6515161174618115
20.450000000000156 0.6378941863360408
20.500000000000156 0.6241450777795714
20.550000000000157 0.610275649172431
20.600000000000158 0.5962939948860293
20.65000000000016 0.5822114690433582
20.70000000000016 0.5680446740729796
20.75000000000016 0.553817150160107
20.80000000000016 0.5395604879595638
20.85000000000016 0.5253146351705396
20.900000000000162 0.5111272739950875
20.950000000000163 0.497052297358527
21.000000000000163 0.4831475801632968
21.050000000000164 0.4694723836633359
21.100000000000165 0.4560848007099181
21.150000000000166 0.4430396180058024
21.200000000000166 0.4303868412196886
21.250000000000167 0.4181709421615008
21.300000000000168 0.4064307092476982
21.35000000000017 0.3951994718181523
21.40000000000017 0.3845054552364728
21.45000000000017 0.3743720984749844
21.50000000000017 0.3648182845937822
21.55000000000017 0.3558585354794698
21.600000000000172 0.347503256302354
21.650000000000173 0.3397590760640205
21.700000000000173 0.3326292615459124
21.750000000000174 0.32611414316424
21.800000000000175 0.320211505681742
21.850000000000176 0.3149169353658985
21.900000000000176 0.3102241333383723
21.950000000000177 0.30612518941817
22.000000000000178 0.3026107835574978
22.05000000000018 0.2996702716539754
22.10000000000018 0.2972916296161014
22.15000000000018 0.295461265641647
22.20000000000018 0.294163752664423
22.25000000000018 0.2933815726442641
22.300000000000182 0.2930949982500168
22.350000000000183 0.2932822561156678
22.400000000000183 0.2939201018806376
22.450000000000184 0.2949848764983644
22.500000000000185 0.2964540047182518
22.550000000000185 0.2983077618274816
22.600000000000186 0.3005310174357191
22.650000000000187 0.3031146172764503
22.700000000000188 0.3060561176398012
22.75000000000019 0.3093597335350211
22.80000000000019 0.3130355505755446
22.85000000000019 0.3170982116385105
22.90000000000019 0.3215653636768618
22.95000000000019 0.3264561224527844
23.000000000000192 0.3317897216186472
23.050000000000193 0.3375844153063236
23.100000000000193 0.3438566343241608
23.150000000000194 0.3506203575390403
23.200000000000195 0.3578866457348114
23.250000000000195 0.3656632930423606
23.300000000000196 0.373954576204219
23.350000000000197 0.3827611073903468
23.400000000000198 0.3920798050280944
23.4500000000002 0.4019039866142376
23.5000000000002 0.4122235689317976
23.5500000000002 0.4230253451212059
23.6000000000002 0.4342933001823806
23.6500000000002 0.4460089269202874
23.700000000000202 0.4581515075997452
23.750000000000203 0.4706983214061932
23.800000000000203 0.4836247155592093
23.850000000000204 0.4969039438037913
23.900000000000205 0.5105066532969726
23.950000000000205 0.5243999224957117
24.000000000000206 0.5385458443765384
24.050000000000207 0.5528998104653422
24.100000000000207 0.5674088362732492
24.150000000000208 0.5820103930984968
24.20000000000021 0.5966321963457334
24.25000000000021 0.6111932332585424
24.30000000000021 0.625606054644588
24.35000000000021 0.6397801030280018
24.40000000000021 0.6536256780944363
24.450000000000212 0.6670580715374976
24.500000000000213 0.6800014155984251
24.550000000000214 0.6923918548184662
24.600000000000215 0.7041797566810467
24.650000000000215 0.7153308154514676
24.700000000000216 0.7258260520536286
24.750000000000217 0.7356608389742252
24.800000000000217 0.7448431598341062
24.850000000000218 0.7533913432986065
24.90000000000022 0.7613315007098537
24.95000000000022 0.7686948609445188
25.00000000000022 0.7755151476863609
25.05000000000022 0.7818261030561213
25.10000000000022 0.7876592426863677
25.150000000000222 0.7930419224238835
25.200000000000223 0.7979957736713146
25.250000000000224 0.8025355157429952
25.300000000000225 0.8066681212842917
25.350000000000225 0.8103923456202011
25.400000000000226 0.8136987240142805
25.450000000000227 0.8165702166023144
25.500000000000227 0.8189836523662757
25.550000000000228 0.8209119633898513
25.60000000000023 0.8223269643721857
25.65000000000023 0.8232022299877958
25.70000000000023 0.8235155570578904
25.75000000000023 0.823250602379438
25.80000000000023 0.8223975104274639
25.850000000000232 0.820952598774468
25.900000000000233 0.818917379222779
25.950000000000234 0.8162973191109926
26.000000000000234 0.8131007751251665
26.050000000000235 0.8093384662472065
26.100000000000236 0.8050237189329763
26.150000000000237 0.8001735452672379
26.200000000000237 0.7948104248854045
26.250000000000238 0.7889644848056911
26.30000000000024 0.7826756653802771
26.35000000000024 0.7759954673203678
26.40000000000024 0.7689879741394521
26.45000000000024 0.7617299635616873
26.50000000000024 0.75431000563447
26.550000000000242 0.746826506808526
26.600000000000243 0.7393847557675332
26.650000000000244 0.7320931850781423
26.700000000000244 0.7250592372052017
26.750000000000245 0.7183853229690729
26.800000000000246 0.7121653127464463
26.850000000000247 0.7064818059517876
26.900000000000247 0.7014041678758904
26.950000000000248 0.6969871339375868
27.00000000000025 0.6932697495082304
27.05000000000025 0.6902745335313853
27.10000000000025 0.6880069437938736
27.15000000000025 0.6864553759441869
27.20000000000025 0.6855919689843084
27.250000000000252 0.6853743946577875
27.300000000000253 0.6857486143449636
27.350000000000254 0.6866523710536093
27.400000000000254 0.6880190192434537
27.450000000000255 0.6897812197428567
27.500000000000256 0.6918740435600552
27.550000000000257 0.6942371251352792
27.600000000000257 0.6968156756767081
27.650000000000258 0.6995603924837385
27.70000000000026 0.7024265269494692
27.75000000000026 0.7053725258310264
27.80000000000026 0.7083586882195045
27.85000000000026 0.7113461945061709
27.90000000000026 0.7142967223416412
27.950000000000262 0.7171727336983515
28.000000000000263 0.7199384256537148
28.050000000000264 0.7225612580320737
28.100000000000264 0.7250138623550698
28.150000000000265 0.7272760007946967
28.200000000000266 0.7293361441248307
28.250000000000266 0.731192243727651
28.300000000000267 0.7328514069819068
28.350000000000268 0.7343284145903889
28.40000000000027 0.7356432707840648
28.45000000000027 0.736818167223637
28.50000000000027 0.7378743041613436
28.55000000000027 0.7388289436107833
28.60000000000027 0.7396929241192454
28.650000000000272 0.7404687193035403
28.700000000000273 0.741149019419043
28.750000000000274 0.7417157673869341
28.800000000000274 0.7421395864706221
28.850000000000275 0.7423795934538501
28.900000000000276 0.7423836809751576
28.950000000000276 0.7420894350556962
29.000000000000277 0.7414258780844258
29.050000000000278 0.7403161524438638
29.10000000000028 0.7386810873404441
29.15000000000028 0.7364433810160519
29.20000000000028 0.7335319739529115
29.25000000000028 0.7298861460200176
29.30000000000028 0.7254589350404711
29.350000000000282 0.7202195940528219
29.400000000000283 0.7141549349888742
29.450000000000284 0.707269527362667
29.500000000000284 0.6995848238334272
29.550000000000285 0.6911373649216446
29.600000000000286 0.6819762828050241
29.650000000000286 0.6721603951786427
29.700000000000287 0.6617552441828978
29.750000000000288 0.6508304441417632
29.80000000000029 0.6394576132502342
29.85000000000029 0.6277089899424289
29.90000000000029 0.6156566408716251
29.95000000000029 0.6033720319681024
30.00000000000029 0.5909256971452178
30.050000000000292 0.5783867939622638
30.100000000000293 0.5658224442638509
30.150000000000293 0.553296874549847
30.200000000000294 0.5408704592871791
30.250000000000295 0.5285988120906054
30.300000000000296 0.5165320624501822
30.350000000000296 0.5047144023719731
30.400000000000297 0.4931838993961239
30.450000000000298 0.4819724824260896
30.5000000000003 0.4711059609722061
30.5500000000003 0.4606039640883541
30.6000000000003 0.4504797691675504
30.6500000000003 0.4407400892190589
30.7000000000003 0.4313849565296783
30.750000000000302 0.4224078551109391
30.800000000000303 0.413796212963816
30.850000000000303 0.4055322924980742
30.900000000000304 0.3975944485447736
30.950000000000305 0.3899586838289179
31.000000000000306 0.3826004217882276
31.050000000000306 0.3754964180205712
31.100000000000307 0.3686267204580174
31.150000000000308 0.3619765515007375
31.20000000000031 0.355537936217389
31.25000000000031 0.3493108737239948
31.30000000000031 0.34330387452568
31.35000000000031 0.3375337669961666
31.40000000000031 0.3320247863405205
31.450000000000312 0.3268070707802626
31.500000000000313 0.3219147826173002
31.550000000000313 0.317384132157285
31.600000000000314 0.313251592804126
31.650000000000315 0.3095525399029304
31.700000000000315 0.3063204250450058
31.750000000000316 0.3035864444471747
31.800000000000317 0.3013795325728948
31.850000000000318 0.2997264625599643
31.90000000000032 0.2986518776741276
31.95000000000032 0.2981781842796447
32.00000000000032 0.2983253493362145
32.05000000000032 0.2991107077083164
32.100000000000314 0.3005488677824852
32.15000000000031 0.3026517273364131
32.20000000000031 0.3054285268983138
32.250000000000306 0.3088858295528994
32.3000000000003 0.3130273450120891
32.3500000000003 0.3178535852748128
32.4000000000003 0.3233613984781898
32.450000000000294 0.3295434456439446
32.50000000000029 0.3363876730816688
32.55000000000029 0.3438768235962874
32.600000000000286 0.3519880427313699
32.65000000000028 0.3606926644591041
32.70000000000028 0.3699562823803063
32.75000000000028 0.3797392154899436
32.800000000000274 0.3899974634385404
32.85000000000027 0.4006842127356971
32.90000000000027 0.4117518872739779
32.950000000000266 0.423154624856218
33.00000000000026 0.4348509255631595
33.05000000000026 0.4468061013976065
33.10000000000026 0.4589941102870522
33.150000000000254 0.4713984206071395
33.20000000000025 0.4840117301357583
33.25000000000025 0.4968346068131642
33.300000000000246 0.5098733424286963
33.35000000000024 0.523137432881945
33.40000000000024 0.5366370844063812
33.45000000000024 0.5503810171291845
33.500000000000234 0.5643746654151118
33.55000000000023 0.5786187408443508
33.60000000000023 0.5931080775304882
33.650000000000226 0.6078307117656032
33.70000000000022 0.6227672063802786
33.75000000000022 0.6378902645354825
33.80000000000022 0.6531646736301208
33.850000000000215 0.6685476015071559
33.90000000000021 0.6839892570676517
33.95000000000021 0.6994339181868559
34.000000000000206 0.7148212981163116
34.0500000000002 0.7300881623139918
34.1000000000002 0.74517004453116
34.1500000000002 0.7600028741196163
34.200000000000195 0.7745243282567082
34.25000000000019 0.788674751399594
34.30000000000019 0.8023975243197989
34.350000000000186 0.8156388146416041
34.40000000000018 0.8283467134672645
34.45000000000018 0.840469877699235
34.50000000000018 0.8519559552407285
34.550000000000175 0.8627502270934551
34.60000000000017 0.8727949762715801
34.65000000000017 0.8820300154158814
34.700000000000166 0.8903945586824978
34.75000000000016 0.8978302709086721
34.80000000000016 0.9042849946436178
34.85000000000016 0.9097164794410852
34.900000000000155 0.9140954866052866
34.95000000000015 0.917407871884419
35.00000000000015 0.9196555293311792
35.050000000000146 0.9208562889158928
35.10000000000014 0.921042951574051
35.15000000000014 0.9202616473721988
35.20000000000014 0.918569668668297
35.250000000000135 0.9160329043534038
35.30000000000013 0.9127230038726966
35.35000000000013 0.9087144296630156
35.40000000000013 0.9040815873919398
35.450000000000124 0.8988962234606097
35.50000000000012 0.893225239746364
35.55000000000012 0.8871290166213949
35.600000000000115 0.8806602816883508
35.65000000000011 0.8738635271014655
35.70000000000011 0.8667749573892986
35.75000000000011 0.8594229373619163
35.800000000000104 0.8518289101544505
35.8500000000001 0.8440087723765661
35.9000000000001 0.835974701440969
35.950000000000095 0.827737375959736
36.00000000000009 0.8193083845824025
36.05000000000009 0.810702431876295
36.10000000000009 0.8019388458405821
36.150000000000084 0.7930419783105861
36.20000000000008 0.7840403756917693
36.25000000000008 0.774964972962542
36.300000000000075 0.7658468643440833
36.35000000000007 0.7567153073594948
36.40000000000007 0.7475965021100641
36.45000000000007 0.7385134275853096
36.500000000000064 0.7294867217853678
36.55000000000006 0.7205363593170301
36.60000000000006 0.7116837495585308
36.650000000000055 0.7029538451084999
36.70000000000005 0.6943768840409862
36.75000000000005 0.6859894715644976
36.80000000000005 0.6778348207398306
36.850000000000044 0.6699620992612831
36.90000000000004 0.6624249456797363
36.95000000000004 0.6552793072671239
37.000000000000036 0.6485808041338511
37.05000000000003 0.6423818442962639
37.10000000000003 0.6367287198340237
37.15000000000003 0.6316589266027968
37.200000000000024 0.6271989563841303
37.25000000000002 0.6233627682655406
37.30000000000002 0.6201510259163285
37.350000000000016 0.6175510267467045
37.40000000000001 0.6155371347650518
37.45000000000001 0.6140715295566129
37.50000000000001 0.6131051972972067
37.550000000000004 0.6125792427875908
37.6 0.6124266948637405
37.65 0.6125749444050926
37.699999999999996 0.6129487919560683
37.74999999999999 0.6134738597801337
37.79999999999999 0.6140799412743998
37.84999999999999 0.6147038002043156
37.899999999999984 0.6152910120390273
37.94999999999998 0.6157966270129409
37.99999999999998 0.6161846675605949
38.049999999999976 0.6164266857272979
38.09999999999997 0.6164997510994751
38.14999999999997 0.6163842994922042
38.19999999999997 0.6160622531928873
38.249999999999964 0.6155157316576868
38.29999999999996 0.6147265215787572
38.34999999999996 0.6136763090503254
38.399999999999956 0.6123475506936242
38.44999999999995 0.6107248062421449
38.49999999999995 0.6087963451418064
38.54999999999995 0.6065558183978672
38.599999999999945 0.6040037326306409
38.64999999999994 0.6011484195443668
38.69999999999994 0.5980062355948256
38.749999999999936 0.5946008836798282
38.79999999999993 0.5909619712435559
38.84999999999993 0.5871231076503416
38.89999999999993 0.5831199148464634
38.949999999999925 0.5789882596815886
38.99999999999992 0.574762855238607
39.04999999999992 0.570476197031912
39.099999999999916 0.5661576738078742
39.14999999999991 0.5618326682119319
39.19999999999991 0.5575215434280103
39.24999999999991 0.55323855610895
39.299999999999905 0.5489908723907728
39.3499999999999 0.5447779326060653
39.3999999999999 0.5405913919256669
39.449999999999896 0.5364157783809184
39.49999999999989 0.5322298860883169
39.54999999999989 0.5280087845591765
39.59999999999989 0.5237262020868274
39.649999999999885 0.51935696822015
39.69999999999988 0.5148792024758219
39.74999999999988 0.5102760063115216
39.799999999999876 0.5055365182607574
39.84999999999987 0.5006562961413048
39.89999999999987 0.4956370724881085
39.94999999999987 0.4904859834428319
39.999999999999865 0.4852144096925163
40.04999999999986 0.4798366104395293
40.09999999999986 0.4743683786744802
40.14999999999986 0.4688259679983503
40.199999999999854 0.4632255069921172
40.24999999999985 0.4575830155408726
40.29999999999985 0.4519149896893808
40.349999999999845 0.4462393676653586
40.39999999999984 0.4405765811140188
40.44999999999984 0.4349503753864868
40.49999999999984 0.4293881633195956
40.549999999999834 0.4239208267802192
40.59999999999983 0.4185820370664439
40.64999999999983 0.413407274252227
40.699999999999825 0.408432761303349
40.74999999999982 0.4036944930910353
40.79999999999982 0.3992274518647368
40.84999999999982 0.3950649941652052
40.899999999999814 0.3912383077115727
40.94999999999981 0.3877757992424648
40.99999999999981 0.3847022986087673
41.049999999999805 0.3820380484388384
41.0999999999998 0.379797566873019
41.1499999999998 0.3779885735145962
41.1999999999998 0.3766112074011226
41.249999999999794 0.3756577252759745
41.29999999999979 0.3751127784144841
41.34999999999979 0.3749542732783505
41.399999999999785 0.3751547594452314
41.44999999999978 0.3756832605752831
41.49999999999978 0.3765074541968299
41.54999999999978 0.3775960895844956
41.599999999999774 0.3789214886491928
41.64999999999977 0.3804619025412998
41.69999999999977 0.3822034349383887
41.749999999999766 0.384141255051277
41.79999999999976 0.3862799391742754
41.84999999999976 0.3886329617598498
41.89999999999976 0.3912215282339024
41.949999999999754 0.3940730408636789
41.99999999999975 0.3972194988460918
42.04999999999975 0.4006960771288803
42.099999999999746 0.4045400351650122
42.14999999999974 0.4087899995976826
42.19999999999974 0.4134855528291368
42.24999999999974 0.418666963392343
42.299999999999734 0.4243748511407528
42.34999999999973 0.4306496210543954
42.39999999999973 0.4375306147032615
42.449999999999726 0.4450550583759116
42.49999999999972 0.4532569625417944
42.54999999999972 0.4621661128314556
42.59999999999972 0.4718072036985981
42.649999999999714 0.4821990560908905
42.69999999999971 0.4933537928505345
42.74999999999971 0.5052758557685977
42.799999999999706 0.5179608259648958
42.8499999999997 0.5313941067255413
42.8999999999997 0.5455495929157129
42.9499999999997 0.5603884685918256
42.999999999999694 0.5758582687084961
43.04999999999969 0.5918923500818059
43.09999999999969 0.6084099542120496
43.149999999999686 0.6253170825871742
43.19999999999968 0.6425083899697513
43.24999999999968 0.6598701954063245
43.29999999999968 0.6772845252122799
43.349999999999675 0.6946338958321083
43.39999999999967 0.7118063807311321
43.44999999999967 0.728700414823004
43.499999999999666 0.7452287789877954
43.54999999999966 0.7613212817849073
43.59999999999966 0.7769258240964126
43.64999999999966 0.7920077845143769
43.699999999999655 0.8065479488906391
43.74999999999965 0.8205394452297058
43.79999999999965 0.833984254183306
43.849999999999646 0.8468898094631091
43.89999999999964 0.859266012174642
43.94999999999964 0.8711227502725271
43.99999999999964 0.8824678502521857
44.049999999999635 0.8933053571374948
44.09999999999963 0.9036341194973622
44.14999999999963 0.9134467604565136
44.199999999999626 0.9227291510261776
44.24999999999962 0.9314604385920096
44.29999999999962 0.939613565555877
44.34999999999962 0.9471561257600902
44.399999999999615 0.9540514068058442
44.44999999999961 0.9602595365198202
44.49999999999961 0.9657387113101824
44.549999999999606 0.970446471018791
44.5999999999996 0.9743409151001085
44.6499999999996 0.9773817010142474
44.6999999999996 0.9795306751368988
44.749999999999595 0.980752057442236
44.79999999999959 0.9810122092190756
44.84999999999959 0.9802791443306698
44.89999999999959 0.9785220767676795
44.949999999999584 0.9757113829055786
44.99999999999958 0.9718193431836945
45.04999999999958 0.9668218945564506
45.099999999999575 0.9607013975838044
45.14999999999957 0.9534501521476076
45.19999999999957 0.94507415382122
45.24999999999957 0.9355964381421203
45.299999999999564 0.9250593720809468
45.34999999999956 0.913525441189058
45.39999999999956 0.9010764033404673
45.449999999999555 0.8878110190125647
45.49999999999955 0.8738417928590223
45.54999999999955 0.8592912044451148
45.59999999999955 0.8442877999846372
45.649999999999544 0.8289623608704033
45.69999999999954 0.8134442526205309
45.74999999999954 0.7978580231729977
45.799999999999535 0.782320331971418
45.84999999999953 0.7669373058154836
45.89999999999953 0.7518024132345167
45.94999999999953 0.7369949299033034
45.999999999999524 0.7225790426234043
46.04999999999952 0.7086036152937477
46.09999999999952 0.6951026157683962
46.149999999999515 0.6820961726293207
46.19999999999951 0.6695921934807152
46.24999999999951 0.6575884330313743
46.29999999999951 0.6460748561533883
46.349999999999504 0.6350361060597748
46.3999999999995 0.6244538659471096
46.4499999999995 0.6143088910316067
46.499999999999496 0.6045824914860469
46.54999999999949 0.5952572897242483
46.59999999999949 0.5863171908780035
46.64999999999949 0.5777466976381734
46.699999999999484 0.5695299144092927
46.74999999999948 0.5616497239273874
46.79999999999948 0.5540875946728737
46.849999999999476 0.5468242768901419
46.89999999999947 0.5398413502972947
46.94999999999947 0.5331233230706415
46.99999999999947 0.5266598397868472
47.049999999999464 0.5204475537794994
47.09999999999946 0.5144913237659925
47.14999999999946 0.5088045498870241
47.199999999999456 0.50340861967444
47.24999999999945 0.4983315555463027
47.29999999999945 0.4936060328969077
47.34999999999945 0.4892669749771817
47.399999999999444 0.4853489379605475
47.44999999999944 0.4818834891541923
47.49999999999944 0.4788967608510972
47.549999999999436 0.4764073313328022
47.59999999999943 0.4744245407439849
47.64999999999943 0.4729473004851708
47.69999999999943 0.4719634138094296
47.749999999999424 0.4714494013977672
47.79999999999942 0.4713708100685308
47.84999999999942 0.4716829704324662
47.899999999999416 0.4723321740992306
47.94999999999941 0.4732572776139813
47.99999999999941 0.4743917864106298
48.04999999999941 0.4756664662198383
48.099999999999405 0.4770124252325476
48.1499999999994 0.4783644301347709
48.1999999999994 0.4796640557344431
48.249999999999396 0.4808622176576817
48.29999999999939 0.4819207336121921
48.34999999999939 0.4828127544137419
48.39999999999939 0.4835221231450173
48.449999999999385 0.4840418969766066
48.49999999999938 0.4843723694467261
48.54999999999938 0.4845189567195354
48.599999999999376 0.4844902726660845
48.64999999999937 0.4842966351758938
48.69999999999937 0.4839491372017249
48.74999999999937 0.4834592986678945
48.799999999999365 0.4828392061981813
48.84999999999936 0.4821019708694346
48.89999999999936 0.4812623074259278
48.949999999999356 0.4803370644642921
48.99999999999935 0.4793455905191165
49.04999999999935 0.4783098727842117
49.09999999999935 0.4772544087390009
49.149999999999345 0.4762057767721015
49.19999999999934 0.4751918941922463
49.24999999999934 0.4742410167093477
49.299999999999336 0.4733806216208377
49.34999999999933 0.4726363684422924
49.39999999999933 0.4720312986715497
49.44999999999933 0.4715853272378667
49.499999999999325 0.4713149461295823
49.54999999999932 0.471232967576583
49.59999999999932 0.4713481236207839
49.64999999999932 0.4716644208142234
49.699999999999314 0.4721802939455589
49.74999999999931 0.472887752010422
49.79999999999931 0.4737718022275622
49.849999999999305 0.4748104352942255
49.8999999999993 0.4759753559766421
49.9499999999993 0.477233479517227
49.9999999999993 0.4785490374192615
